% -------------------------------------------------------------------
%  Generated by MATLAB on 17-Dec-2014 14:28:42
%  MATLAB version: 8.3.0.532 (R2014a)
% -------------------------------------------------------------------
                                     

Atr_refrD = 50;

AV_alpha = 150;

AV_anteDMin = 50;

AV_beta = 250;

AV_delta = 10;

AV_k4 = 0.03;

AV_refrDMin = 50;

AV_retroDMin = 100;

AV_tauC = 100;

AV_theta = 10;

AV_tr = 500;

AV_Vr = -90;

AV_Vt = -40;

PM_TAVI = 150;

PM_TLRI = 1000;

PM_TPVAB = 50;

PM_TPVARP = 250;

PM_TURI = 500;

PM_TVRP = 320;

RA_anteD = 30;

RA_retroD = 30;

RV_anteD = 50;

RV_retroD = 50;

SA_d = 850;

SA_dV = 50;

SA_ectopD = 10400;

SA_ectopdV = 50;

SA_noiseD = 1.0E+6;

Skrewness = 0.2;

VRG_d = 3000;

VRG_ectopD = 30450;

VRG_noiseD = 1.0E+6;

Vtr_refrD = 200;

