SA_d = 970
TURI = 738
