% -------------------------------------------------------------------
%  Generated by MATLAB on 17-Dec-2014 14:28:42
%  MATLAB version: 8.3.0.532 (R2014a)
% -------------------------------------------------------------------
