T53_min = 2.53210918734
T53_max = 3.29482710676
T53_mean = 3.26484023151
T53_var = 0.00941820366446
T53_list = [3.2309153935036528, 3.2257408139684096, 3.2480834781120813, 3.257957242500801, 3.269792973597557, 3.266945000641207, 3.271852690975925, 3.2743051169153117, 3.2713659954683445, 3.273466632465475, 3.2751698516523455, 3.2776260542297324, 3.2751213583098018, 3.271786023436823, 3.2810849200239454, 3.280099512445456, 3.2857123599349873, 3.281478458709324, 3.282449625796527, 3.2835059829790945, 3.2810091702309316, 3.2765162360991926, 3.281179572283974, 3.266925990850422, 3.266977091795303, 3.2763739877720464, 3.277041138996984, 3.2807629911497105, 3.2765897473171313, 3.278396338751035, 2.532109187339602, 3.2767289969449784, 3.280327838843506, 3.2816853171378506, 3.2780506049624396, 3.281951024598922, 3.2835304213903673, 3.277999291901922, 3.2808400787199528, 3.2807094036108553, 3.266389881082295, 3.269691807764672, 3.2833363434239837, 3.2814229702151296, 3.2937397281354164, 3.2938220398392675, 3.2915404219442403, 3.294653931335257, 3.2948271067596004, 3.286609013541813, 3.284490126149236, 3.275963326918958, 3.2727865485342713, 3.2856950376454295, 3.290978405201897, 3.289922535561012, 3.2910547352211847, 3.2914750962443655, 3.2870106871011773]
T54_min = 0.371391274594
T54_max = 4.30727624428
T54_mean = 1.3682775191
T54_var = 0.162928517985
T54_list = [4.307276244276104, 1.0712658364359997, 1.5640628407583348, 1.0739426370522527, 1.5717086567675105, 1.0705135350250314, 1.576519097950273, 1.0735793743848667, 1.5756652659506152, 1.0840199922974854, 1.5814954046082195, 1.0842419185226346, 1.5836668234087137, 1.0858002308382861, 1.5854067969050603, 1.091154977984868, 1.5837000384763373, 1.0856233936129263, 1.585125065196016, 1.0855353939549388, 1.577376837245093, 1.0865857124535068, 1.5782054914036459, 1.092602600290827, 1.5876974937986519, 1.0883926096997731, 1.588043948336329, 1.0883869301171885, 1.5887482165768563, 1.0808259858010478, 1.5934551706440887, 1.088301736378415, 1.5843536395517948, 1.0889776067060182, 1.5939066843433278, 1.088950913056495, 1.5889131249198172, 1.0890928965487765, 1.5899836804516136, 1.0893569858444174, 1.581578135158261, 1.0867050128314812, 1.5868350384944443, 1.086986176218992, 1.5735124379811838, 1.0873781009409775, 1.586184685108391, 1.086891547308567, 1.5910534695797227, 1.0865906195220003, 1.5872833554234975, 1.0791696267476187, 1.5866786609089794, 1.0836807046047314, 1.586911454102364, 1.08751611441276, 1.5917887553978431, 1.087359972636714, 1.5827311890504727, 1.190184499572287, 0.37139127459366966, 2.93127031650982, 1.587919931565444, 1.0804604251315142, 1.5890405200804056, 1.0886180745049376, 1.588938283221418, 1.0888623070014083, 1.5939010307514636, 1.0892156577540097, 1.5890762780748628, 1.0891957732620283, 1.5897069005347544, 1.0894542716577509, 1.5895279401069475, 1.092878548814922, 1.5794274321896113, 1.088537862582356, 1.580075126208605, 1.088500932660221, 1.593051732694445, 1.087803933641183, 1.5876521635026504, 1.0924458012656073, 1.5874250384812716, 1.0798403625791002, 1.5876067384983743, 1.0929546721381553, 1.5949709156193945, 1.09309658886894, 1.594956723946315, 1.0980693511156687, 1.5954080191502118, 1.0935517037923825, 1.5959761939373238, 1.0936794561546048, 1.5953487878917436, 1.0934125956646314, 1.591629774680409, 1.0902036690186014, 1.5817368740645714, 1.0899424417361554, 1.5905021851614236, 1.0901667564678206, 1.5954655035279026, 1.090149041752223, 1.5909725188227206, 1.0822609171800135, 1.5867969541409959, 1.0821132101300484, 1.5867713894592745, 1.0925381811959973, 1.5935772777825388, 1.0923336812387718, 1.5938897082727441, 1.0926887158867336, 1.5940232013003761, 1.0916130477534085, 1.5929187123252553]
T55_min = 0.197640821215
T55_max = 1.33222597092
T55_mean = 0.2493571549
T55_var = 0.0213148963146
T55_list = [0.20917832841186287, 0.21495106774511064, 0.21517134665582618, 0.21545264238949036, 0.21121473747272024, 0.30050307356901634, 0.21575387509083924, 0.21582199803359986, 0.2998588345945021, 0.2155054850156043, 0.2163570946090376, 0.29628110512359934, 0.21113422290650927, 0.21615071422461726, 0.295738704986742, 0.21607687965101363, 0.21167946283465913, 0.30092123337467386, 0.21622098105461238, 0.21611307360047896, 0.300384739093242, 0.21634244653550044, 0.21183531223267754, 0.2963769635298644, 0.21603208345803582, 0.21132795758689982, 0.2165856770276626, 0.21607182863739371, 0.2111661379280859, 0.19764082121471344, 1.3322259709153148, 0.21648370899448272, 0.3004897480860527, 0.21614859929002175, 0.211288350802139, 0.30122022673796794, 0.21674380320855613, 0.21606561136305297, 0.21667637545991275, 0.21704851544451093, 0.2115158542842483, 0.3012188814776808, 0.21621166410124854, 0.21682038129434902, 0.21682321962896467, 0.21688566299051038, 0.21663677797255126, 0.21664245585531663, 0.21669071785882255, 0.21136978404960444, 0.21619113106692328, 0.2168413598460552, 0.216578302532512, 0.21637094455852157, 0.21155626283367554, 0.21206361536487292, 0.2161734964496535, 0.3009387287193088, 0.21630315933478686]
T56_min = 0.617411277842
T56_max = 0.635917191842
T56_mean = 0.629128427165
T56_var = 1.96424234445e-05
T56_list = [0.6178564471262887, 0.6253147331935458, 0.6273605203474674, 0.6288721297445318, 0.629240268456376, 0.6301826358312322, 0.6258639251058017, 0.6174112778419055, 0.622738095848831, 0.6314912231200024, 0.6270472158070323, 0.6274675049183149, 0.6319075186040549, 0.6323874433324794, 0.6277997604995306, 0.6324697972799599, 0.6277445152461189, 0.6326926399521021, 0.632581892828123, 0.6232227887082976, 0.6233363900769895, 0.6315810094097516, 0.6314912822266872, 0.6267956731796992, 0.6359171918423181, 0.6269092308350073, 0.6268978750694765, 0.6267246996451316, 0.631796852010265, 0.6319445337895643, 0.6322001368691194, 0.6325508062101707, 0.6324599290021813, 0.6278493306530945, 0.6279536770053464, 0.6200922010695176, 0.6199757347593572, 0.6320016428510306, 0.6276978865406005, 0.6276325489860533, 0.6318816829143143, 0.6273051137335375, 0.6318390969728058, 0.6348446268273915, 0.6299740446268267, 0.6348105668120025, 0.634835555175509, 0.6223044679122653, 0.6302478259010635, 0.6328429677143467, 0.6285128415651059, 0.6285071627111396, 0.6334502053388094, 0.633492813141684, 0.6337001711156746, 0.6345463256052699, 0.6341998117888613, 0.6343389853708615, 0.6214819716985163]
T57_min = 1.46315154833
T57_max = 1.74222142033
T57_mean = 1.72709690486
T57_var = 0.0012239265451
T57_list = [1.7065200667608174, 1.708932237080455, 1.7196574265051958, 1.724536060593089, 1.7235078667592854, 1.7283698884281653, 1.7265816611806977, 1.7271528762010036, 1.730030695566672, 1.7309873370099615, 1.7285415812369187, 1.73330353263194, 1.7339765631682513, 1.7309805833547174, 1.7343088187494657, 1.734876777007956, 1.7317193113446674, 1.7267223025274787, 1.727188008382162, 1.7314082950994933, 1.732258990590254, 1.732418032506421, 1.7285886352313908, 1.7319047073410656, 1.7324497840865458, 1.7294206336312024, 1.7324724956176045, 1.7325605028004682, 1.721204759490633, 1.7248351411462854, 1.4631515483319113, 1.7333836441402986, 1.7354848808861922, 1.7305874513493875, 1.7352889269064622, 1.7269439828876936, 1.7354303999999934, 1.7356803764705844, 1.7344478822623446, 1.7346836656113604, 1.734552990502263, 1.7336708397468772, 1.7335175303574473, 1.7337929194458688, 1.7416049585363824, 1.741704300247933, 1.7332063264084847, 1.7293212706828034, 1.7422214203257982, 1.7421107016118704, 1.7369285952533675, 1.7367156382296347, 1.7369740260850977, 1.7329303559206024, 1.7373757700205343, 1.7378927446954124, 1.740536059543171, 1.7271867567798889, 1.7316033878005084, 1.7394693685605622]
T58_min = 0.338234668491
T58_max = 1.39116804106
T58_mean = 0.387585389403
T58_var = 0.0171932154954
